1014945828 2
1014946128 5
1014946428 8
1014946728 9
1014947028 9
1014947328 9
1014947628 13
1014947745 2
1014948045 8
1014948345 9
1014948645 11
1014948945 13
1014949245 15
1014949545 17
1014949845 17
1014950145 19
1014950445 19
1014950745 20
1014951045 21
1014951345 22
1014951645 20
1014951945 20
1014952245 18
1014952545 18
1014952845 19
1014953145 19
1014953445 17
1014953745 19
1014954045 18
1014954345 16
1014954645 19
1014954945 18
1014955245 20
1014955545 19
1014955845 19
1014956145 18
1014956445 19
1014956745 19
1014957045 20
1014957345 20
1014957645 20
1014957945 21
1014958245 18
1014958545 18
1014958845 18
1014959145 18
1014959445 20
1014959745 18
1014960045 19
1014960345 16
1014960645 18
1014960945 19
1014961245 18
1014961545 20
1014961845 21
1014962145 19
1014962445 18
1014962745 19
1014963045 19
1014963345 19
1014963645 18
1014963945 20
1014964245 19
1014964545 19
1014964845 18
1014965145 20
1014965445 20
1014965745 21
1014966045 21
1014966345 17
1014966645 14
1014966945 13
1014967245 13
1014967545 15
1014967845 15
1014968145 15
1014968445 13
1014968745 14
1014969045 14
1014969345 14
1014969645 14
1014969945 14
1014970245 13
1014970545 13
1014970845 14
1014971145 12
1014971445 13
1014971745 14
1014972045 13
1014972345 13
1014972645 13
1014972945 13
1014973245 13
1014973545 13
1014973845 13
1014974145 13
1014974445 13
1014974745 13
1014975045 13
1014975345 13
1014975645 13
1014975945 13
1014976245 13
1014976545 13
1014976845 13
1014977145 12
1014977445 12
1014977745 12
1014978045 13
1014978345 11
1014978645 11
1014978945 10
1014979245 10
1014979545 10
1014979845 8
1014980145 9
1014980445 9
1014980745 8
1014981045 8
1014981345 8
1014981645 9
1014981945 9
1014982245 9
1014982545 9
1014982845 11
1014983145 11
1014983445 11
1014983745 11
1014984045 12
1014984345 11
1014984645 11
1014984945 12
1014985245 14
1014985545 12
1014985845 12
1014986145 12
1014986445 11
1014986745 11
1014987045 13
1014987345 13
1014987645 13
1014987945 12
1014988245 12
1014988545 11
1014988845 10
1014989145 10
1014989445 10
1014989745 10
1014990045 10
1014990345 10
1014990645 10
1014990945 10
1014991245 10
1014991545 10
1014991845 10
1014992145 11
1014992445 11
1014992745 11
1014993045 14
1014993345 13
1014993645 14
1014993945 14
1014994245 15
1014994545 15
1014994845 15
1014995145 15
1014995445 15
1014995745 16
1014996045 14
1014996345 14
1014996645 14
1014996945 15
1014997245 16
1014997545 15
1014997845 14
1014998145 14
1014998445 14
1014998745 14
1014999045 14
1014999345 14
1014999645 14
1014999945 13
1015000245 14
1015000545 14
1015000845 13
1015001145 13
1015001445 14
1015001745 14
1015002045 14
1015002345 13
1015002645 13
1015002945 14
1015003245 16
1015003545 14
1015003845 12
1015004145 12
1015004445 13
1015004745 13
1015005045 12
1015005345 10
1015005645 9
1015005945 10
1015006245 10
1015006545 11
1015006845 11
1015007145 11
1015007445 10
1015007745 8
1015008045 8
1015008345 8
1015008645 8
1015008945 7
1015009245 6
1015009545 6
1015009845 6
1015010145 7
1015010445 8
1015010745 8
1015011045 9
1015011345 9
1015011645 9
1015011945 9
1015012245 10
1015012545 8
1015012845 8
1015013145 8
1015013445 10
1015013745 9
1015014045 9
1015014345 9
1015014645 8
1015014945 10
1015015245 11
1015015545 11
1015015845 10
1015016145 10
1015016445 12
1015016745 13
1015017045 13
1015017345 14
1015017645 16
1015017945 16
1015018245 19
1015018545 19
1015018845 20
1015019145 19
1015019445 19
1015019745 19
1015020045 18
1015020345 18
1015020645 17
1015020945 17
1015021245 15
1015021545 15
1015021845 14
1015022145 14
1015022445 14
1015022745 13
1015023045 15
1015023345 14
1015023645 14
1015023945 15
1015024245 15
1015024619 5
1015024919 12
1015025219 14
1015025519 14
1015025819 17
1015026119 17
1015026419 15
1015026719 14
1015027019 14
1015027319 15
1015027619 15
1015027919 15
1015028219 15
1015028519 14
1015028819 14
1015029119 16
1015029419 17
1015029719 18
