#12000
Stonecold - Inverse Grimhaven~
12199 22 2 1

O 0 7032 1 12000          Fountain Obsidian
O 0 3700 1 12001          Broken lamp post
O 0 3700 1 12002
O 0 3700 1 12003
O 0 3700 1 12004
O 0 3700 1 12005
O 0 3700 1 12006
O 0 3700 1 12007
O 0 3700 1 12008
O 0 3700 1 12009
O 0 3700 1 12010
O 0 3700 1 12011
O 0 3700 1 12012
O 0 3700 1 12014
O 0 3700 1 12015
O 0 3700 1 12020
O 0 3700 1 12021
O 0 3700 1 12022
O 0 3700 1 12027
O 0 3700 1 12028
O 0 3700 1 12031
O 0 3700 1 12032
O 0 3700 1 12033
O 0 3700 1 12036
O 0 3700 1 12038
O 0 3700 1 12040
O 0 3700 1 12042
O 0 3700 1 12043
O 0 3700 1 12048
O 0 3700 1 12049
O 0 3700 1 12051
O 0 3700 1 12052
O 0 3700 1 12053
O 0 3700 1 12055
O 0 3700 1 12058
O 0 3700 1 12059
O 0 3700 1 12062
O 0 3700 1 12063
O 0 3700 1 12129
O 0 3700 1 12130
O 0 3700 1 12131
O 0 3700 1 12132
O 0 3700 1 12133
O 0 3700 1 12134
O 0 3700 1 12135
O 0 3700 1 12136
O 0 3700 1 12137
O 0 3700 1 12138
O 0 3700 1 12186
O 0 3700 1 12185
O 0 3700 1 12184
O 0 3700 1 12183
O 0 3700 1 12182
O 0 3700 1 12181
O 0 3700 1 12177

M 0 12000 13 12063  Hell Spawn
Y 0 82 2			        Molten set
M 0 12000 13 12043
Y 0 82 2
M 0 12000 13 12022
Y 0 82 2
M 0 12000 13 12084
Y 0 82 2
M 0 12000 13 12117
Y 0 82 2
M 0 12000 13 12160
Y 0 82 2
M 0 12000 13 11800
Y 0 82 2
M 0 12000 13 11807
Y 0 82 2
M 0 12000 13 11814
Y 0 82 2

M 0 12001 30 12062  Death Knight
Y 0 95 2			        Black Gemstone set
M 0 12001 30 12014
Y 0 95 2
M 0 12001 30 12033
Y 0 95 2
M 0 12001 30 12135
Y 0 95 2
M 0 12001 30 12163
Y 0 95 2
M 0 12001 30 12093
Y 0 95 2
M 0 12001 30 12147
Y 0 95 2
M 0 12001 30 12173
Y 0 95 2
M 0 12001 30 12104
Y 0 95 2
M 0 12001 30 12189
Y 0 95 2
M 0 12001 30 12114
Y 0 95 2
M 0 12001 30 12169
Y 0 95 2
M 0 12001 30 12005
Y 0 95 2
M 0 12001 30 12077
Y 0 95 2
M 0 12001 1 12056
Y 0 95 2

M 0 12002 17 12003  Female Street Walker
M 0 12002 17 12132
M 0 12002 17 12141
M 0 12002 17 12049
M 0 12002 17 12055
M 0 12002 17 12007
M 0 12002 17 12004
M 0 12002 17 12031
M 0 12002 17 12040
M 0 12002 17 12165
M 0 12002 17 12098
M 0 12002 17 12106
M 0 12002 17 12115
M 0 12002 17 12184
M 0 12002 17 12180
M 0 12002 17 12002
M 0 12002 17 12166

M 0 12003 10 12005  Convert Black
M 0 12003 10 12010
M 0 12003 10 12017
M 0 12003 10 12021
M 0 12003 10 12031
M 0 12003 10 12036
M 0 12003 10 12052
M 0 12003 10 12042
M 0 12003 10 12137
M 0 12003 10 12170

M 0 12004 4 12065   Food Merchant
M 0 12004 4 12138
M 0 12004 4 12043
M 0 12004 4 12022

M 0 12005 20 12001  Manatude
Y 0 67 2              Battle Armor set
M 0 12005 20 12109
Y 0 67 2
M 0 12005 20 12100
Y 0 67 2
M 0 12005 20 12091
Y 0 67 2
M 0 12005 20 12163
Y 0 67 2
M 0 12005 20 12113
Y 0 67 2
M 0 12005 20 12174
Y 0 67 2
M 0 12005 20 12121
Y 0 67 2
M 0 12005 20 12152
Y 0 67 2
M 0 12005 20 12145
Y 0 67 2
M 0 12005 20 12137
Y 0 67 2
M 0 12005 20 12189
Y 0 67 2
M 0 12005 20 12128
Y 0 67 2
M 0 12005 20 12095
Y 0 67 2
M 0 12005 20 12044
Y 0 67 2
M 0 12005 20 12103
Y 0 67 2
M 0 12005 20 12156
Y 0 67 2
M 0 12005 20 12035
Y 0 67 2
M 0 12005 20 12011
Y 0 67 2

M 0 12006 15 12101  Chattering woman
M 0 12006 15 12006
M 0 12006 15 12004
M 0 12006 15 12058
M 0 12006 15 12048
M 0 12006 15 12056
M 0 12006 15 12107
M 0 12006 15 12126
M 0 12006 15 12167
M 0 12006 15 12163
M 0 12006 15 12129
M 0 12006 15 12135
M 0 12006 15 12150
M 0 12006 15 12012
M 0 12006 15 12119

M 0 12007 12 12010  Stampeder
Y 0 79 2              Ruffled Red set (hobbit)
M 0 12007 12 12130
Y 0 79 2
M 0 12007 12 12173
Y 0 79 2
M 0 12007 12 12020
Y 0 79 2
M 0 12007 12 12138
Y 0 79 2
M 0 12007 12 12055
Y 0 79 2
M 0 12007 12 12096
Y 0 79 2
M 0 12007 12 12164
Y 0 79 2
M 0 12007 12 12155
Y 0 79 2
M 0 12007 12 12127
Y 0 79 2
M 0 12007 12 12185
Y 0 79 2
M 0 12007 12 12002
Y 0 79 2

M 0 12008 15 12171  Jungle warrior
? 0 10 0 E
E 1 12012 70 19       Steelheart sword
M 0 12008 15 12148
? 0 10 0 E
E 1 12012 70 19
M 0 12008 15 12153
? 0 10 0 E
E 1 12012 70 19
M 0 12008 15 12091
? 0 10 0 E
E 1 12012 70 19
M 0 12008 15 12099
? 0 10 0 E
E 1 12012 70 19
M 0 12008 15 12162
? 0 10 0 E
E 1 12012 70 19
M 0 12008 15 12179
? 0 10 0 E
E 1 12012 70 19
M 0 12008 15 12186
? 0 10 0 E
E 1 12012 70 19
M 0 12008 15 12051
? 0 10 0 E
E 1 12012 70 19
M 0 12008 15 12112
? 0 10 0 E
E 1 12012 70 19
M 0 12008 15 12011
? 0 10 0 E
E 1 12012 70 19
M 0 12008 15 12136
? 0 10 0 E
E 1 12012 70 19

M 0 12009 12 12006  Wererat
M 0 12009 12 12002
M 0 12009 12 12098
M 0 12009 12 12158
M 0 12009 12 12145
M 0 12009 12 12102
M 0 12009 12 12189
M 0 12009 12 12131
M 0 12009 12 12014
M 0 12009 12 12176
M 0 12009 12 12031
M 0 12009 12 12143

M 0 12010 20 12001  Skinny peasent
M 0 12010 20 12144
M 0 12010 20 12166
M 0 12010 20 12097
M 0 12010 20 12102
M 0 12010 20 12052
M 0 12010 20 12115
M 0 12010 20 12123
M 0 12010 20 12133
M 0 12010 20 12107
M 0 12010 20 12004
M 0 12010 20 12033
M 0 12010 20 12099
M 0 12010 20 12136
M 0 12010 20 12116
M 0 12010 20 12163
M 0 12010 20 12053
M 0 12010 20 12062
M 0 12010 20 12010
M 0 12010 20 12158

M 0 12011 15 12040  Greedy Miser
M 0 12011 15 12166
M 0 12011 15 12091
M 0 12011 15 12095
M 0 12011 15 12099
M 0 12011 15 12101
M 0 12011 15 12113
M 0 12011 15 12117
M 0 12011 15 12175
M 0 12011 15 12025
M 0 12011 15 12151
M 0 12011 15 12010
M 0 12011 15 12149
M 0 12011 15 12136
M 0 12011 15 12159

M 0 12012 15 12014  Midget
M 0 12012 15 12062
M 0 12012 15 12134
M 0 12012 15 12033
M 0 12012 15 12180
M 0 12012 15 12160
M 0 12012 15 12043
M 0 12012 15 12004
M 0 12012 15 12177
M 0 12012 15 12180
M 0 12012 15 12005
M 0 12012 15 12004
M 0 12012 15 12033
M 0 12012 15 12040
M 0 12012 15 12033

M 0 12013 3 12037   Horned Kobold
? 0 10 0 E
E 1 12012 70 19       Steelheart sword
M 0 12013 3 12024
? 0 10 0 E
E 1 12012 70 19
M 0 12013 3 12092
? 0 10 0 E
E 1 12012 70 19
M 0 12013 3 12156
? 0 10 0 E
E 1 12012 70 19
M 0 12013 2 12146
? 0 10 0 E
E 1 12012 70 19
M 0 12013 1 12004
? 0 10 0 E
E 1 12012 70 19

M 0 12014 20 12001  Mute
M 0 12014 20 12108
M 0 12014 20 12137
M 0 12014 20 12188
M 0 12014 20 12005
M 0 12014 20 12007
M 0 12014 20 12010
M 0 12014 20 12014
M 0 12014 20 12049
M 0 12014 20 12051
M 0 12014 20 12031
M 0 12014 20 12045
M 0 12014 20 12018
M 0 12014 20 12107
M 0 12014 20 12100
M 0 12014 20 12113
M 0 12014 20 12175
M 0 12014 20 12020
M 0 12014 20 12037
M 0 12014 20 12155

M 0 12015 20 12001  Law man
? 0 20 0 E
E 1 12012 70 19       Steelheart sword
M 0 12015 20 12102
? 0 10 0 E
E 1 12012 70 19
M 0 12015 20 12120
? 0 10 0 E
E 1 12012 70 19
M 0 12015 20 12146
? 0 10 0 E
E 1 12012 70 19
M 0 12015 20 12140
? 0 10 0 E
E 1 12012 70 19
M 0 12015 20 12164
? 0 10 0 E
E 1 12012 70 19
M 0 12015 20 12045
? 0 10 0 E
E 1 12012 70 19
M 0 12015 20 12095
? 0 10 0 E
E 1 12012 70 19
M 0 12015 20 12032
? 0 10 0 E
E 1 12012 70 19
M 0 12015 20 12010
? 0 10 0 E
E 1 12012 70 19
M 0 12015 20 12002
? 0 10 0 E
E 1 12012 70 19
M 0 12015 20 12162
? 0 10 0 E
E 1 12012 70 19
M 0 12015 20 12166
? 0 10 0 E
E 1 12012 70 19
M 0 12015 20 12105
? 0 10 0 E
E 1 12012 70 19
M 0 12015 20 12008
? 0 10 0 E
E 1 12012 70 19
M 0 12015 20 12117
? 0 10 0 E
E 1 12012 70 19
M 0 12015 20 12070
? 0 10 0 E
E 1 12012 70 19
M 0 12015 20 12038
? 0 10 0 E
E 1 12012 70 19
M 0 12015 20 12182
? 0 10 0 E
E 1 12012 70 19

M 0 12016 2 12006  Transient
M 0 12016 2 12028
M 0 12016 2 12183
M 0 12016 2 12043
M 0 12016 2 12022
M 0 12016 2 12064
M 0 12016 2 12100
M 0 12016 1 12027

M 0 12017 1 12002  Cat Prowler
M 0 12017 1 12006
M 0 12017 1 12022
M 0 12017 1 12150
M 0 12017 1 12146
M 0 12017 1 12138
M 0 12017 1 12134
M 0 12017 1 12129
M 0 12017 1 12049
M 0 12017 1 12062
M 0 12017 1 12101
M 0 12017 1 12098
M 0 12017 1 12091
M 0 12017 1 12178
M 0 12017 1 12032
M 0 12017 1 12111
M 0 12017 1 12156
M 0 12017 1 12164
M 0 12017 1 12123
M 0 12017 1 12175

M 0 12018 1 12004  Fortune teller
M 0 12018 1 12040
M 0 12018 1 12012
M 0 12018 1 12021
M 0 12018 1 12053
M 0 12018 1 12044
M 0 12018 1 12094
M 0 12018 1 12118
M 0 12018 1 12136
M 0 12018 1 12133
M 0 12018 1 12137
M 0 12018 1 12109

M 0 12019 1 12133   Bounty Hunter
? 0 10 0 E
E 1 5408 9999 18      Club embedded metal
M 0 12019 1 12108
? 0 10 0 E
E 1 5408 9999 18
M 0 12019 1 12028
? 0 10 0 E
E 1 5408 9999 18
M 0 12019 1 12056
? 0 10 0 E
E 1 5408 9999 18
M 0 12019 1 12001
? 0 10 0 E
E 1 5408 9999 18
M 0 12019 1 12152
? 0 10 0 E
E 1 5408 9999 18
M 0 12019 1 12116
? 0 10 0 E
E 1 5408 9999 18
M 0 12019 1 12093
? 0 10 0 E
E 1 5408 9999 18
M 0 12019 1 12033
? 0 10 0 E
E 1 5408 9999 18
M 0 12019 1 12179
? 0 10 0 E
E 1 5408 9999 18
M 0 12019 1 12131
? 0 10 0 E
E 1 5408 9999 18
M 0 12019 1 12168
? 0 10 0 E
E 1 5408 9999 18

M 0 12020 1 12003   Musician
M 0 12020 1 12051
M 0 12020 1 12038
M 0 12020 1 12183
M 0 12020 1 12155
M 0 12020 1 12148
M 0 12020 1 12011
M 0 12020 1 12114
M 0 12020 1 12162
M 0 12020 1 12128
M 0 12020 1 12164
M 0 12020 1 12004

M 0 12021 1 12173   Drow tradeswoman
M 0 12021 1 12006
M 0 12021 1 12032
M 0 12021 1 12051
M 0 12021 1 12135
M 0 12021 1 12043
M 0 12021 1 12022
M 0 12021 1 12126
M 0 12021 1 12184
M 0 12021 1 12150
M 0 12021 1 12147
M 0 12021 1 12004
S
