#12200
Stonecold - Inverse GH - East Gate Settlement~
12399 22 2 1

O 0 12351 1 12351    Portal to Grimhaven park
D 0 12225 1 1          Small Dwelling
D 0 12233 3 1
D 0 12310 2 1          Shelter
D 0 12321 0 1
D 0 12305 2 1          Shelter
D 0 12307 0 1
D 0 12306 0 1
D 0 12319 2 1
D 0 12317 0 1
D 0 12320 2 1
D 0 12250 1 1
D 0 12259 3 1          Sweat Shop
D 0 12247 3 1          Home
D 0 12255 1 1
D 0 12264 3 1
D 0 12277 1 1
D 0 12269 3 1
D 0 12274 1 1
D 0 12270 1 1
D 0 12273 3 1
D 0 12326 0 1          gate corral's
D 0 12328 2 1
D 0 12326 2 1
D 0 12321 0 1
D 0 12330 0 1
D 0 12329 2 1
D 0 12330 2 1
D 0 12331 0 1
D 0 12332 0 1
D 0 12332 2 1
D 0 12333 2 1
D 0 12334 0 1
D 0 12238 1 1          The Pit Stop (tavern)
D 0 12200 3 1          East gate
D 0 12235 3 1          Water purifier room
D 0 12350 0 1          Cottage Door
D 0 12351 2 1
D 0 12313 2 1          Temple Door
D 0 12299 0 1

O 0 12202 1 12307       table ruined wrecked
O 0 12202 1 12319
O 0 12202 1 12320
O 0 12202 1 12311
O 0 12202 1 12321
O 0 17109 1 12299        Altar Zelpth
O 0 12203 1 12235        Water purifier
O 0 12226 1 12259

M 0 12200 1 12322        Woodsman
M 0 12200 1 12339
M 0 12200 1 12342
M 0 12200 1 12346
M 0 12200 1 12314
M 0 12200 1 12306
M 0 12200 1 12252
M 0 12200 1 12265
M 0 12200 1 12227
M 0 12200 1 12318

M 0 12201 1 12309        Female Settler
M 0 12201 1 12319
M 0 12201 1 12310
M 0 12201 1 12312
M 0 12201 1 12320
M 0 12201 1 12270
M 0 12201 1 12268
M 0 12201 1 12259

M 0 12203 1 12307       Male Settler
M 0 12203 1 12309
M 0 12203 1 12339
M 0 12203 1 12260
M 0 12203 1 12283
M 0 12203 1 12262
M 0 12203 1 12229
M 0 12203 1 12300
M 0 12203 1 12247
M 0 12203 1 12271

M 0 12204 1 12281       Wealth Trader
M 0 12204 1 12265
M 0 12204 1 12226
M 0 12204 1 12231
M 0 12204 1 12339
M 0 12204 1 12243
M 0 12204 1 12250
M 0 12204 1 12285
M 0 12204 1 12210
M 0 12204 1 12349

M 0 12205 1 12255      Claims surveyor
M 0 12205 1 12296
M 0 12205 1 12297
M 0 12205 1 12336
M 0 12205 1 12226
M 0 12205 1 12314
M 0 12205 1 12288
M 0 12205 1 12229
M 0 12205 1 12245
M 0 12205 1 12227

M 0 12206 1 12316       Construction worker
M 0 12206 1 12225
M 0 12206 1 12339
M 0 12206 1 12290
M 0 12206 1 12230
M 0 12206 1 12250
M 0 12206 1 12244
M 0 12206 1 12283
M 0 12206 1 12262
M 0 12206 1 12270

M 0 12207 1 12325        Horse trainer

M 0 12208 1 12332        Stable hand
M 0 12208 1 12341
M 0 12208 1 12339
M 0 12208 1 12351
M 0 12208 1 12347

M 0 12209 1 12339       Traveling Barbarian
M 0 12209 1 12200
M 0 12209 1 12343
M 0 12209 1 12291
M 0 12209 1 12245
M 0 12209 1 12224
M 0 12209 1 12315
M 0 12209 1 12269
M 0 12209 1 12285
M 0 12209 1 12249
M 0 12209 1 12261
M 0 12209 1 12228

M 0 12210 1 12201        Guard mercenary
M 0 12210 1 12318
M 0 12210 1 12314
M 0 12210 1 12247
M 0 12210 1 12287
M 0 12210 1 12283
M 0 12210 1 12271
M 0 12210 1 12232
M 0 12210 1 12252
M 0 12210 1 12342

M 0 12211 1 12280         Water boy
? 0 20 0 E
E 1 12227 1 19             whupin stick
M 0 12211 1 12227
? 0 20 0 E
E 1 12227 1 19             whupin stick
M 0 12211 1 12220
? 0 20 0 E
E 1 12227 1 19             whupin stick
M 0 12211 1 12210
? 0 20 0 E
E 1 12227 1 19             whupin stick
M 0 12211 1 12302
? 0 20 0 E
E 1 12227 1 19             whupin stick
M 0 12211 1 12262
? 0 20 0 E
E 1 12227 1 19             whupin stick
M 0 12211 1 12224
? 0 20 0 E
E 1 12227 1 19             whupin stick
M 0 12211 1 12237
? 0 20 0 E
E 1 12227 1 19             whupin stick
M 0 12211 1 12291
? 0 20 0 E
E 1 12227 1 19             whupin stick
M 0 12211 1 12230

M 0 12212 1 12348        Homeless waif
M 0 12212 1 12303
M 0 12212 1 12229
M 0 12212 1 12311
M 0 12212 1 12313
M 0 12212 1 12317
M 0 12212 1 12307
M 0 12212 1 12309
M 0 12212 1 12308
M 0 12212 1 12343
M 0 12212 1 12280
M 0 12212 1 12320

M 0 12213 1 12304         Girl
M 0 12213 1 12319
M 0 12213 1 12320
M 0 12213 1 12318
M 0 12213 1 12305
M 0 12213 1 12317
M 0 12213 1 12311
M 0 12213 1 12310
M 0 12213 1 12308
M 0 12213 1 12312
M 0 12213 1 12231
M 0 12213 1 12250

M 0 12214 1 12304        Boy
M 0 12214 1 12319
M 0 12214 1 12320
M 0 12214 1 12318
M 0 12214 1 12305
M 0 12214 1 12307
M 0 12214 1 12309
M 0 12214 1 12310
M 0 12214 1 12312
M 0 12214 1 12232
M 0 12214 1 12251
M 0 12214 1 12230

M 0 12215 1 12242         Thief
M 0 12215 1 12339
M 0 12215 1 12281
M 0 12215 1 12224
M 0 12215 1 12263
M 0 12215 1 12285
M 0 12215 1 12268
M 0 12215 1 12249
M 0 12215 1 12247
M 0 12215 1 12270

M 0 12216 1 12333        Mare red
M 0 12216 1 12329
M 0 12216 1 12328

M 0 12217 1 12334        Stallion
M 0 12217 1 12331
M 0 12217 1 12327
S

