#25250
Sidartha - Northwest Prairie~
25299 35 2 1

O 0 17101 1 25283 	Smouldering Campfire (from Ogre Camp)
O 0 25263 1 25292 	Shiny spur
O 0 25254 1 25283 	Tent Flap (portal)
O 0 25253 1 25299 	  "   "
O 0 25255 1 25299 	Hole (portal)
O 0 10941 1 25299 	Sleeping Bag (from Mt Valley)

O 0 25260 1 25250  	Wildflowers
O 0 25260 1 25251
O 0 25260 1 25252
O 0 25260 1 25253
O 0 25260 1 25254
O 0 25260 1 25255
O 0 25260 1 25256
O 0 25260 1 25257
O 0 25260 1 25258
O 0 25260 1 25259
O 0 25260 1 25260
O 0 25260 1 25261
O 0 25260 1 25262
O 0 25260 1 25263
O 0 25260 1 25264
O 0 25260 1 25265
O 0 25260 1 25266
O 0 25260 1 25267
O 0 25260 1 25268
O 0 25260 1 25269
O 0 25260 1 25270
O 0 25260 1 25271
O 0 25260 1 25272
O 0 25260 1 25273
O 0 25260 1 25274
O 0 25260 1 25275
O 0 25260 1 25276
O 0 25260 1 25277
O 0 25260 1 25278
O 0 25260 1 25279
O 0 25260 1 25280
O 0 25260 1 25281
O 0 25260 1 25282
O 0 25260 1 25283
O 0 25260 1 25284
O 0 25260 1 25285
O 0 25260 1 25286
O 0 25260 1 25287
O 0 25260 1 25288
O 0 25260 1 25289
O 0 25260 1 25290
O 0 25260 1 25291
O 0 25260 1 25292
O 0 25260 1 25293
O 0 25260 1 25294
O 0 25260 1 25295
O 0 25260 1 25296
O 0 25260 1 25297
O 0 25260 1 25298

O 0 25261 1 25250 	Prairie Grass
O 0 25261 1 25251
O 0 25261 1 25252
O 0 25261 1 25253
O 0 25261 1 25254
O 0 25261 1 25255
O 0 25261 1 25256
O 0 25261 1 25257
O 0 25261 1 25258
O 0 25261 1 25259
O 0 25261 1 25260
O 0 25261 1 25261
O 0 25261 1 25262
O 0 25261 1 25263
O 0 25261 1 25264
O 0 25261 1 25265
O 0 25261 1 25266
O 0 25261 1 25267
O 0 25261 1 25268
O 0 25261 1 25269
O 0 25261 1 25270
O 0 25261 1 25271
O 0 25261 1 25272
O 0 25261 1 25273
O 0 25261 1 25274
O 0 25261 1 25275
O 0 25261 1 25276
O 0 25261 1 25277
O 0 25261 1 25278
O 0 25261 1 25279
O 0 25261 1 25280
O 0 25261 1 25281
O 0 25261 1 25282
O 0 25261 1 25283
O 0 25261 1 25284
O 0 25261 1 25285
O 0 25261 1 25286
O 0 25261 1 25287
O 0 25261 1 25288
O 0 25261 1 25289
O 0 25261 1 25290
O 0 25261 1 25291
O 0 25261 1 25292
O 0 25261 1 25293
O 0 25261 1 25294
O 0 25261 1 25295
O 0 25261 1 25296
O 0 25261 1 25297
O 0 25261 1 25298

M 0 25259 1 25270 	Cattlehand
? 0 10 0 E
E 1 25258 30 11			Cattle Prod
M 0 25259 1 25271
? 0 10 0 E
E 1 25258 30 11
M 0 25259 1 25290
? 0 10 0 E
E 1 25258 30 11
M 0 25259 1 25288
? 0 10 0 E
E 1 25258 30 11

M 0 25260 1 25263 	Prairie Dog
M 0 25260 1 25265
M 0 25260 1 25268
M 0 25260 1 25278
M 0 25260 1 25292
M 0 25260 1 25294
M 0 25260 1 25296
M 0 25267 1 25270 	Brown Horse
M 0 25267 1 25271
M 0 25267 1 25290
M 0 25267 1 25288
M 0 25268 1 25276 	Cow
? 1 30 0 E
E 1 25257 9999 3		Cowbell
M 0 25268 1 25260
? 1 30 0 E
E 1 25257 9999 3
M 0 25268 1 25296
? 1 30 0 E
E 1 25257 9999 3
M 0 25268 1 25274
? 1 30 0 E
E 1 25257 9999 3
M 0 25261 1 25277 	Drifter
? 0 10 0 E
E 1 25262 30 6			Chaps
S

