#25400
Stonecold - New Grimhaven Park~
25499 30 2 1

D 0 25406 2 1           Cabin
D 0 25408 0 1
D 0 25414 0 1           Gazebo
D 0 25491 2 1
D 0 25423 5 1           grate
D 0 25425 4 1
D 0 25484 5 1           treehouse
D 0 25405 1 1           Cabin east side
D 0 25408 3 1
D 0 25407 4 1           treehouse
D 0 25447 0 1           Cabin
D 0 25452 2 1           Door Library
D 0 25438 2 1           Bridge
D 0 25437 0 1
D 0 25437 2 2
D 0 25435 0 1
D 0 25416 0 1           Gate
D 0 25424 2 1
*D 0 25403 3 1           Gate
D 0 25462 4 2

O 0 3305 1 25400
O 0 3305 1 25417
O 0 3305 1 25403
O 0 3305 1 25414      Bench wooden
O 0 25491 1 25491     Portal to  eastern stettlement newbie place
O 0 16722 1 25453     A wall-mounted lantern


M 0 25400 1 25447           Centaurian Guard
M 0 25400 1 25437
M 0 25400 1 25442
M 0 25400 1 25425
M 0 25400 1 25456
M 0 25400 1 25477
M 0 25400 1 25429
M 0 25400 1 25493
M 0 25400 1 25495
M 0 25400 1 25447
M 0 25401 1 25494        gopher-giant
M 0 25401 1 25498
M 0 25401 1 25497
M 0 25401 1 25457
M 0 953 1 25450       eagle
M 0 953 1 25488
M 0 952 1 25426       hawk
M 0 952 1 25404
M 0 952 1 25400
M 0 952 1 25402
M 0 952 1 25406
M 0 952 1 25418
M 0 952 1 25405
M 0 952 1 25407
M 0 952 1 25403
M 0 952 1 25410
M 0 951 1 25400           Sparrow
M 0 951 1 25401
M 0 951 1 25418
M 0 951 1 25417
M 0 951 1 25402
M 0 951 1 25406
M 0 951 1 25409
M 0 951 1 25403
M 0 951 1 25410
M 0 951 1 25411
M 0 951 1 25412
M 0 951 1 25415
M 0 950 1 25417            Squirrel
M 0 950 1 25417
M 0 950 1 25417
M 0 950 1 25400
M 0 950 1 25415
M 0 950 1 25404
M 0 950 1 25426
M 0 950 1 25422
M 0 950 1 25423
M 0 950 1 25424
M 0 950 1 25419
M 0 950 1 25415
M 0 950 1 25412
M 0 950 1 25414
M 0 950 1 25410
M 0 950 1 25403
M 0 950 1 25424
M 0 950 1 25401
M 0 25403 1 25400            Dog small
M 0 25403 1 25414
M 0 25403 1 25417
M 0 25403 1 25418
M 0 25403 1 25423
M 0 25403 1 25413
M 0 25403 1 25416
M 0 25403 1 25401
M 0 25403 1 25419
M 0 25403 1 25420
M 0 25402 1 25450 0           Cat small
M 0 25402 1 25460
M 0 25402 1 25407 7
M 0 25402 1 25475 5
M 0 25402 1 25448 8
M 0 25402 1 25434 4
M 0 25402 1 25488 8
M 0 25402 1 25407 7
M 0 25404 1 25422             Ranger Hermit - Ranger Lvl 7 Quest
M 0 25405 1 25417             Young Elven Ranger - Ranger Lvl 14 Quest
S

