#45335
Amberbock - Kalysian Aqueducts~
45364 25 2 1
D 0 45345 2 2   Filter
D 0 45357 0 2

D 0 45335 4 1   Grate

D 0 45356 4 1   Grate

O 0 45335 1 45335   moss
O 0 45335 1 45336
O 0 45335 1 45337
O 0 45335 1 45338
O 0 45335 1 45339
O 0 45335 1 45340
O 0 45335 1 45341
O 0 45335 1 45342
O 0 45335 1 45343
O 0 45335 1 45344
O 0 45335 1 45345
O 0 45335 1 45346
O 0 45335 1 45347
O 0 45335 1 45348
O 0 45335 1 45349
O 0 45335 1 45350
O 0 45335 1 45351
O 0 45335 1 45352
O 0 45335 1 45353
O 0 45335 1 45354
O 0 45335 1 45355
O 0 45335 1 45356

O 0 45336 1 45361   Trash Heap portal

O 0 45337 1 45362   break filth grime portal

M 0 45335 1 45335   Coral Fade
M 0 45335 1 45356
M 0 45335 1 45336
M 0 45335 1 45355
M 0 45335 1 45337
M 0 45335 1 45354

M 0 45336 1 45338   Sand Fade
M 0 45336 1 45353
M 0 45336 1 45339
M 0 45336 1 45352
M 0 45336 1 45340
M 0 45336 1 45353

M 0 45337 1 45341   Grimhaven Visitor
M 0 45337 1 45352
M 0 45337 1 45342
M 0 45337 1 45351

M 0 45338 1 45343   fat leech
M 0 45338 1 45350
M 0 45338 1 45344
M 0 45338 1 45349
M 0 45338 1 45345
M 0 45338 1 45348
M 0 45338 1 45346
M 0 45338 1 45347
M 0 45338 1 45335
M 0 45338 1 45356

M 0 45339 1 45336   Kalysian exile
M 0 45339 1 45355
M 0 45339 1 45337
M 0 45339 1 45354

M 0 45340 1 45338   Logrus Messenger
M 0 45340 1 45353
M 0 45340 1 45339
M 0 45340 1 45352

M 0 45341 1 45340   skeletal fish
M 0 45341 1 45351
M 0 45341 1 45341
M 0 45341 1 45350
M 0 45341 1 45342
M 0 45341 1 45349
M 0 45341 1 45343
M 0 45341 1 45348
M 0 45341 1 45344
M 0 45341 1 45347

M 0 45342 1 45345   Kalysian examiner
M 0 45342 1 45346
M 0 45342 1 45335
M 0 45342 1 45356

M 0 45343 1 45345   kalysian examiner filter
G 1 45345 1      colorful key

M 0 45344 1 45357   Sludge Fade
M 0 45344 1 45358
M 0 45344 1 45359
M 0 45344 1 45360

M 0 45345 1 45361   Kalysian vagrant
M 0 45345 1 45360
M 0 45345 1 45359
M 0 45345 1 45358

M 0 45346 2 45361   diseased necromancer

M 0 45347 1 45362   school large carp

M 0 45348 1 45361   diseased necromancer key
G 1 45345 1      colorful key
S
