#46545
Sidartha - Avalon Outpost~
46594 30 2 1

D	0	46550	0	2
D	0	46551	2	2
D	0	46556	1	2
D	0	46557	3	2
D	0	46563	1	2
D	0	46564	3	2
D	0	46566	7	2
D	0	46571	9	2
D	0	46577	1	2
D	0	46578	3	2
D	0	46592	0	2
D	0	46593	2	2
D	0	46592	1	2
D	0	46591	3	2

M	0	46549	1	46550   Meestah
G	1	46550	9999        key to gate star
M	0	46550	1	46594	  Sundeman
M	0	46551	1	46593	  Acheon
M	0	46552	1 46546  wolf diurnal
M	0	46552	1 46550
M	0	46552	1 46548
M	0	46552	1 46552
M	0	46552	1 46554
M	0	46552	1 46556
M	0	46552	1 46559
M	0	46552	1 46561
M	0	46552	1 46564
M	0	46552	1 46566
M	0	46552	1 46568
M	0	46552	1 46571
M	0	46555	1	46556   Peligro
G	1	46556	9999	      key to gate boat
M	0	46556	1	46563	  Rarlan
G	1	46564	9999	      key to gate sun
M	0	46545	1	46546	  Nocturnal thief
M	0	46545	1	46551
M	0	46545	1	46557
M	0	46545	1	46565
M	0	46545	1	46567
M	0	46546	1	46546	  diurnal thief
M	0	46546	1	46551
M	0	46546	1	46557
M	0	46546	1	46565
M	0	46546	1	46567
M	0	46547	1	46546	  nocturnal priest
M	0	46547	1	46551
M	0	46547	1	46557
M	0	46547	1	46565
M	0	46547	1	46567
M	0	46548	1	46546	  diurnal priest
M	0	46548	1	46551
M	0	46548	1	46557
M	0	46548	1	46565
M	0	46548	1	46567
M	0	46557	1	46566	  Argan
G	1	46566	9999	      key to gate moon
M	0	46558	1 46546	wolf nocturnal
M	0	46558	1 46550
M	0	46558	1 46548
M	0	46558	1 46552
M	0	46558	1 46554
M	0	46558	1 46556
M	0	46558	1 46559
M	0	46558	1 46561
M	0	46558	1 46564
M	0	46558	1 46566
M	0	46558	1 46568
M	0	46558	1 46571
M	0	46560	1	46571	  rabid bat
M	0	46560	1	46573
M	0	46560	1	46574
M	0	46560	1	46575
M	0	46560	1	46576
M	0	46561	1	46577	  Pountan
G	1	46577	9999	      key to gate shadow
M	0	46562	1	46579	  ghastly wanderer
M	0	46562	1	46581
M	0	46562	1	46583
M	0	46562	1	46585
M	0	46562	1	46587
M	0	46562	1	46589
M	0	46563	1	46584	  Gale Proudfoot
G	1	46561	9999	      key to tailor
M	0	46559	1	46585	  Krango
G	1	46563	9999	      key to smithy

S
