#9300
Macross - The Badlands and Canyon~
9499 50 2 1

D 0 9467 5 2
D 0 9478 4 2
D 0 9484 5 2
D 0 9493 4 2
D 0 9487 1 2
D 0 9489 3 2
D 0 9390 0 1
D 0 9391 2 1
D 0 9415 1 1
D 0 9343 3 1
D 0 9380 1 1
D 0 9381 3 1

D 0 7801 4 1     Secret Door on Bridge/Monk GM level 40
D 0 9333 5 1

O 0 9303 1 9300
O 0 9302 1 9300
O 0 9303 1 9301
O 0 9302 1 9301
O 0 9303 1 9302
O 0 9302 1 9302
O 0 9303 1 9303
O 0 9302 1 9303
O 0 9303 1 9304
O 0 9302 1 9304
O 0 9303 1 9305
O 0 9302 1 9305
O 0 9303 1 9306
O 0 9302 1 9306
O 0 9303 1 9307
O 0 9302 1 9307
O 0 9303 1 9308
O 0 9302 1 9308
O 0 9303 1 9309
O 0 9302 1 9309
O 0 9303 1 9310
O 0 9302 1 9310
O 0 9303 1 9312
O 0 9302 1 9312
O 0 9303 1 9313
O 0 9302 1 9313
O 0 9303 1 9314
O 0 9302 1 9314
O 0 9302 1 9315
O 0 9303 1 9315
O 0 9302 1 9316
O 0 9303 1 9316
O 0 9302 1 9317
O 0 9303 1 9317
O 0 9302 1 9318
O 0 9303 1 9318
O 0 9302 1 9319
O 0 9303 1 9319
O 0 9302 1 9320
O 0 9303 1 9320
O 0 9302 1 9321
O 0 9303 1 9321
O 0 9302 1 9322
O 0 9303 1 9322
O 0 9302 1 9323
O 0 9303 1 9323
O 0 9302 1 9324
O 0 9303 1 9324
O 0 9302 1 9325
O 0 9303 1 9325
O 0 9302 1 9326
O 0 9303 1 9326
O 0 9302 1 9327
O 0 9303 1 9327
O 0 9302 1 9328
O 0 9303 1 9328
O 0 9302 1 9329
O 0 9303 1 9329
O 0 9302 1 9330
O 0 9303 1 9330
O 0 9302 1 9331
O 0 9303 1 9331
O 0 9302 1 9332
O 0 9303 1 9332
O 0 9302 1 9335
O 0 9303 1 9335
O 0 9302 1 9336
O 0 9303 1 9336
O 0 9302 1 9337
O 0 9303 1 9337
O 0 9302 1 9338
O 0 9303 1 9338
O 0 9302 1 9339
O 0 9303 1 9339
O 0 9302 1 9340
O 0 9303 1 9340
O 0 9302 1 9341
O 0 9303 1 9341
O 0 9302 1 9342
O 0 9303 1 9342
O 0 9303 1 9343
O 0 9303 1 9415
O 0 9302 1 9414
O 0 9303 1 9414
O 0 9302 1 9413
O 0 9303 1 9413
O 0 9302 1 9412
O 0 9303 1 9412
O 0 9302 1 9416
O 0 9303 1 9416
O 0 9302 1 9417
O 0 9303 1 9417
O 0 9302 1 9418
O 0 9303 1 9418
O 0 9302 1 9419
O 0 9303 1 9419
O 0 9302 1 9350
O 0 9303 1 9350
O 0 9302 1 9351
O 0 9303 1 9351
O 0 9302 1 9352
O 0 9303 1 9352
O 0 9302 1 9354
O 0 9303 1 9354
O 0 9302 1 9355
O 0 9303 1 9355
O 0 9302 2 9390
O 0 9302 2 9391

O 0 9304 1 9463
O 0 9304 1 9468
O 0 9304  11 9464
O 0 9304  11 9465
O 0 9304  11 9466
O 0 9304  11 9467
O 0 9304  11 9472
O 0 9304  11 9475
O 0 9304  11 9474
O 0 9304  11 9469
O 0 9304  11 9473
O 0 9325   1 9407
O 0 9327   2 9407
O 0 9327   2 9407
O 0 9317   1 9444
O 0 9323   3 9444
O 0 9323   3 9444
O 0 9323   3 9444

M 0 9303 1 9411 11
? 0 5 0 E
E 1 9300 150 3
M 0 9304 1 9409 09
? 0 10 0 E
E 1 1670 999 5
? 0 10 0 E
E 1 1672 999 4
M 0 9305 1 9409 09
? 0 10 0 E
E 1 9305 500 19
M 0 9306 1 9406 06
? 0 4 0 E
E 1 1061 999 3
? 0 4 0 E
E 1 1071 999 14
? 0 4 0 E
E 1 1064 999 11
? 0 4 0 E
E 1 1068 999 9
M 0 9307 1 9407 07
? 0 4 0 E
E 1 9312 500 19
? 0 4 0 E
E 1 1063 999 13
? 0 4 0 E
E 1 1082 999 4
M 0 9324 1 9408 08   TOMERIC
? 0 2 0 E
E 1 9301 500 16          Bracelet of Thievery
M 0 9316 1 9464 4
? 0 4 0 E
E 1 9321 999 4
? 0 4 0 E
E 1 9322 999 7
M 0 9316 1 9473 3
? 0 4 0 E
E 1 9321 999 4
? 0 4 0 E
E 1 9322 999 7
M 0 9316 1 9470 0
? 0 4 0 E
E 1 9321 999 4
? 0 4 0 E
E 1 9322 999 7
M 0 9316 1 9466 6
G 1 9467 1
? 0 4 0 E
E 1 9321 999 4
? 0 4 0 E
E 1 9322 999 7
M 0 9316 1 9474 4
? 0 4 0 E
E 1 9321 999 4
? 0 4 0 E
E 1 9322 999 7
M 0 9316 1 9472 2
? 0 4 0 E
E 1 9321 999 4
? 0 4 0 E
E 1 9322 999 7
M 0 9316 1 9476 6
? 0 4 0 E
E 1 9321 999 4
? 0 4 0 E
E 1 9322 999 7
M 0 9316 1 9483 3
? 0 4 0 E
E 1 9321 999 4
? 0 4 0 E
E 1 9322 999 7
M 0 9316 1 9467 7
? 0 4 0 E
E 1 9321 999 4
? 0 4 0 E
E 1 9322 999 7
M 0 9316 1 9481 1
? 0 4 0 E
E 1 9321 999 4
? 0 4 0 E
E 1 9322 999 7
M 0 9317 1 9478 8
G 1 9484 1
? 0 4 0 E
E 1 9306 999 4
? 0 4 0 E
E 1 9307 999 11
? 0 4 0 E
E 1 9308 999 3
? 0 4 0 E
E 1 9309 999 16
? 0 4 0 E
E 1 9313 999 13
? 0 4 0 E
E 1 9314 999 18
? 0 4 0 E
E 1 9315 999 5
? 0 4 0 E
E 1 9316 999 7
? 0 3 0 E
E 1 9311 999 19
M 0 9317 1 9481 1
? 0 4 0 E
E 1 9306 999 4
? 0 4 0 E
E 1 9307 999 11
? 0 4 0 E
E 1 9308 999 3
? 0 4 0 E
E 1 9309 999 16
? 0 4 0 E
E 1 9313 999 13
? 0 4 0 E
E 1 9314 999 18
? 0 4 0 E
E 1 9315 999 5
? 0 4 0 E
E 1 9316 999 7
? 0 3 0 E
E 1 9311 999 19
M 0 9317 1 9483 3
? 0 3 0 E
E 1 9306 999 4
? 0 3 0 E
E 1 9307 999 11
? 0 3 0 E
E 1 9308 999 3
? 0 3 0 E
E 1 9309 999 16
? 0 3 0 E
E 1 9313 999 13
? 0 3 0 E
E 1 9314 999 18
? 0 3 0 E
E 1 9315 999 5
? 0 3 0 E
E 1 9316 999 7
? 0 3 0 E
E 1 9311 999 19
M 0 9317 1 9483 3
? 0 3 0 E
E 1 9306 999 4
? 0 3 0 E
E 1 9307 999 11
? 0 3 0 E
E 1 9308 999 3
? 0 3 0 E
E 1 9309 999 16
? 0 3 0 E
E 1 9313 999 13
? 0 3 0 E
E 1 9314 999 18
? 0 3 0 E
E 1 9315 999 5
? 0 3 0 E
E 1 9316 999 7
? 0 3 0 E
E 1 9311 999 19
M 0 9317 1 9482 2
? 0 3 0 E
E 1 9306 999 4
? 0 3 0 E
E 1 9307 999 11
? 0 3 0 E
E 1 9308 999 3
? 0 3 0 E
E 1 9309 999 16
? 0 3 0 E
E 1 9313 999 13
? 0 3 0 E
E 1 9314 999 18
? 0 3 0 E
E 1 9315 999 5
? 0 3 0 E
E 1 9316 999 7
? 0 3 0 E
E 1 9311 999 19
M 0 9317 1 9480 0
? 0 3 0 E
E 1 9306 999 4
? 0 3 0 E
E 1 9307 999 11
? 0 3 0 E
E 1 9308 999 3
? 0 3 0 E
E 1 9309 999 16
? 0 3 0 E
E 1 9313 999 13
? 0 3 0 E
E 1 9314 999 18
? 0 3 0 E
E 1 9315 999 5
? 0 3 0 E
E 1 9316 999 7
? 0 3 0 E
E 1 9311 999 19
M 0 9317 1 9480 0
? 0 3 0 E
E 1 9306 999 4
? 0 3 0 E
E 1 9307 999 11
? 0 3 0 E
E 1 9308 999 3
? 0 3 0 E
E 1 9309 999 16
? 0 3 0 E
E 1 9313 999 13
? 0 3 0 E
E 1 9314 999 18
? 0 3 0 E
E 1 9315 999 5
? 0 3 0 E
E 1 9316 999 7
? 0 3 0 E
E 1 9311 999 19
M 0 9317 1 9476 6
? 0 3 0 E
E 1 9306 999 4
? 0 3 0 E
E 1 9307 999 11
? 0 3 0 E
E 1 9308 999 3
? 0 3 0 E
E 1 9309 999 16
? 0 3 0 E
E 1 9313 999 13
? 0 3 0 E
E 1 9314 999 18
? 0 3 0 E
E 1 9315 999 5
? 0 3 0 E
E 1 9316 999 7
? 0 3 0 E
E 1 9311 999 19
M 0 9317 1 9477 7
? 0 3 0 E
E 1 9306 999 4
? 0 3 0 E
E 1 9307 999 11
? 0 3 0 E
E 1 9308 999 3
? 0 3 0 E
E 1 9309 999 16
? 0 3 0 E
E 1 9313 999 13
? 0 3 0 E
E 1 9314 999 18
? 0 3 0 E
E 1 9315 999 5
? 0 3 0 E
E 1 9316 999 7
? 0 3 0 E
E 1 9311 999 19
M 0 9317 1 9479 9
? 0 3 0 E
E 1 9306 999 4
? 0 3 0 E
E 1 9307 999 11
? 0 3 0 E
E 1 9308 999 3
? 0 3 0 E
E 1 9309 999 16
? 0 3 0 E
E 1 9313 999 13
? 0 3 0 E
E 1 9314 999 18
? 0 3 0 E
E 1 9315 999 5
? 0 3 0 E
E 1 9316 999 7
? 0 3 0 E
E 1 9311 999 19
M 0 9317 1 9493 3
? 0 3 0 E
E 1 9306 999 4
? 0 3 0 E
E 1 9307 999 11
? 0 3 0 E
E 1 9308 999 3
? 0 3 0 E
E 1 9309 999 16
? 0 3 0 E
E 1 9313 999 13
? 0 3 0 E
E 1 9314 999 18
? 0 3 0 E
E 1 9315 999 5
? 0 3 0 E
E 1 9316 999 7
? 0 3 0 E
E 1 9311 999 19
M 0 9317 1 9492 2
? 0 3 0 E
E 1 9306 999 4
? 0 3 0 E
E 1 9307 999 11
? 0 3 0 E
E 1 9308 999 3
? 0 3 0 E
E 1 9309 999 16
? 0 3 0 E
E 1 9313 999 13
? 0 3 0 E
E 1 9314 999 18
? 0 3 0 E
E 1 9315 999 5
? 0 3 0 E
E 1 9316 999 7
? 0 3 0 E
E 1 9311 999 19
M 0 9317 1 9493 3
? 0 3 0 E
E 1 9306 999 4
? 0 3 0 E
E 1 9307 999 11
? 0 3 0 E
E 1 9308 999 3
? 0 3 0 E
E 1 9309 999 16
? 0 3 0 E
E 1 9313 999 13
? 0 3 0 E
E 1 9314 999 18
? 0 3 0 E
E 1 9315 999 5
? 0 3 0 E
E 1 9316 999 7
? 0 3 0 E
E 1 9311 999 19
M 0 9317 1 9490 0
? 0 3 0 E
E 1 9306 999 4
? 0 3 0 E
E 1 9307 999 11
? 0 3 0 E
E 1 9308 999 3
? 0 3 0 E
E 1 9309 999 16
? 0 3 0 E
E 1 9313 999 13
? 0 3 0 E
E 1 9314 999 18
? 0 3 0 E
E 1 9315 999 5
? 0 3 0 E
E 1 9316 999 7
? 0 3 0 E
E 1 9311 999 19
M 0 9318 1 9487        undead elite savage
G 1 9487  1
? 0 4 0 E
E 1 9306 999 4
? 0 4 0 E
E 1 9307 999 11
? 0 4 0 E
E 1 9308 999 3
? 0 4 0 E
E 1 9309 999 16
? 0 4 0 E
E 1 9313 999 13
? 0 4 0 E
E 1 9314 999 18
? 0 4 0 E
E 1 9315 999 5
? 0 4 0 E
E 1 9316 999 7
? 0 4 0 E
E 1 9310 999 19      Stone Sword
M 0 9318 1 9487      undead savage elite
? 0 4 0 E
E 1 9306 999 4
? 0 4 0 E
E 1 9307 999 11
? 0 4 0 E
E 1 9308 999 3
? 0 4 0 E
E 1 9309 999 16
? 0 4 0 E
E 1 9313 999 13
? 0 4 0 E
E 1 9314 999 18
? 0 4 0 E
E 1 9315 999 5
? 0 4 0 E
E 1 9316 999 7
? 0 4 0 E
E 1 9310 999 19
M 0 9319 1 9489 89
? 0 4 0 E
E 1 9306 999 4
? 0 4 0 E
E 1 9307 999 11
? 0 4 0 E
E 1 9308 999 3
? 0 4 0 E
E 1 9309 999 16
? 0 4 0 E
E 1 9313 999 13
? 0 4 0 E
E 1 9314 999 18
? 0 4 0 E
E 1 9315 999 5
? 0 4 0 E
E 1 9316 999 7
? 0 4 0 E
E 1 9310 999 19

M 0 9308 1 9304 4
M 0 9308 1 9310 0
M 0 9308 1 9312 2
M 0 9308 1 9351 1
M 0 9308 1 9331 1
M 0 9308 1 9337 7
M 0 9308 1 9397 7
M 0 9308 1 9322 2
M 0 9308 1 9314 4
M 0 9308 1 9342 2
M 0 9308 1 9422 2
M 0 9308 1 9426 6
M 0 9308 1 9432 2
M 0 9308 1 9437 7
M 0 9308 1 9442 2
M 0 9308 1 9461 1
M 0 9308 1 9450 0
M 0 9308 1 9384 4
M 0 9308 1 9388 8
M 0 9308 1 9340 0
M 0 9310 1 9301 01
M 0 9310 1 9323 23
M 0 9310 1 9329 29
M 0 9310 1 9332 32
M 0 9310 1 9340 40
M 0 9312 1 9352 2
M 0 9312 1 9353 3
M 0 9312 1 9353 3
M 0 9312 1 9316 6
M 0 9312 1 9312 2
M 0 9312 1 9432 2
M 0 9312 1 9441 1
M 0 9312 1 9453 3
M 0 9312 1 9439 9
M 0 9312 1 9386 6
M 0 9312 1 9346 6
M 0 9312 1 9338 8
M 0 9313 1 9357 57
? 0 15 0 E
E 1 9328 5 19              huge talon
M 0 9314 1 9303 03
M 0 9314 1 9371 71
M 0 9314 1 9362 62
M 0 9314 1 9325 25
M 0 9314 1 9414 14
M 0 9314 1 9443 43
M 0 9314 1 9425 25
M 0 9315 1 9326 26
M 0 9315 1 9370 70
M 0 9315 1 9395 95
M 0 9315 1 9319 19
M 0 9315 1 9308 08
M 0 9315 1 9363 63
M 0 9320 1 9438 38
M 0 9320 1 9439 39
M 0 9320 1 9445 45
M 0 9320 1 9448 48
M 0 9320 1 9443 43
M 0 9320 1 9447 47
M 0 9321 1 9444 44
? 0 1 0 E
E 1 9320 12 4
M 0 9321 1 9443 43
? 0 1 0 E
E 1 9320 12 4
M 0 9321 1 9449 49
? 0 1 0 E
E 1 9320 12 4
M 0 9321 1 9440 40
? 0 1 0 E
E 1 9320 12 4
M 0 9321 1 9443 43
? 0 1 0 E
E 1 9320 12 4
M 0 9322 1 9444 44
? 0 1 0 E
E 1 9320 12 4
? 0 30 0 E
E 1 9324 100 3
M 0 9323 1 9444 44
M 0 952 1 9438 438
M 0 952 1 9446 446
M 0 952 1 9385 385
M 0 952 1 9355 355
M 0 952 1 9315 315
M 0 953 1 9356 356
M 0 953 1 9313 313
M 0 953 1 9399 399
M 0 953 1 9420 420

S

