#22650
Sidartha/Omen - Haon-Dor Hunting Ground~
22699 30 2 1

D 0 22650 1 1
D 0 22655 3 1
D 0 22654 1 1
D 0 22660 3 1
D 0 22659 1 1
D 0 22665 3 1
D 0 22686 1 1
D 0 22671 3 1
O 0 10216 9999 22650	cupboards
O 0 10216 9999 22654
O 0 10216 9999 22659
O 0 10216 9999 22686
O 0 10209 9999 22650	
O 0 10209 9999 22654
O 0 10209 9999 22659
O 0 10209 9999 22686
O 0 5494 9999 22650	pots
O 0 5494 9999 22654
O 0 5494 9999 22659
O 0 5494 9999 22686
O 0 22 9999 22650	bed	
O 0 22 9999 22654
O 0 22 9999 22659
O 0 22 9999 22686
O 0 22650 9999 22651	trees
O 0 22650 9999 22652
O 0 22650 9999 22653
O 0 22650 9999 22655
O 0 22650 9999 22656
O 0 22650 9999 22657
O 0 22650 9999 22658
O 0 22650 9999 22660
O 0 22650 9999 22661
O 0 22650 9999 22662
O 0 22650 9999 22663
O 0 22650 9999 22664
O 0 22650 9999 22665
O 0 22650 9999 22666
O 0 22650 9999 22668
O 0 22650 9999 22669
O 0 22650 9999 22670
O 0 22650 9999 22671
O 0 22650 9999 22672
O 0 22650 9999 22675
O 0 22650 9999 22676
O 0 22650 9999 22677
O 0 22650 9999 22678
O 0 22650 9999 22680
O 0 22650 9999 22681
O 0 22650 9999 22682
O 0 22650 9999 22683
O 0 22650 9999 22684
O 0 22650 9999 22685
O 0 22651 9999 22651	brush
O 0 22651 9999 22652
O 0 22651 9999 22653
O 0 22651 9999 22655
O 0 22651 9999 22656
O 0 22651 9999 22657
O 0 22651 9999 22658
O 0 22651 9999 22660
O 0 22651 9999 22661
O 0 22651 9999 22662
O 0 22651 9999 22663
O 0 22651 9999 22664
O 0 22651 9999 22665
O 0 22651 9999 22666
O 0 22651 9999 22668
O 0 22651 9999 22669
O 0 22651 9999 22670
O 0 22651 9999 22671
O 0 22651 9999 22672
O 0 22651 9999 22675
O 0 22651 9999 22676
O 0 22651 9999 22677
O 0 22651 9999 22678
O 0 22651 9999 22679
O 0 22651 9999 22680
O 0 22651 9999 22681
O 0 22651 9999 22682
O 0 22651 9999 22683
O 0 22651 9999 22684
O 0 22651 9999 22685
O 0 3360 9999 22685	nuts	
O 0 3360 9999 22653
O 0 3360 9999 22656
O 0 3360 9999 22681
O 0 3360 9999 22675

M 0 22654 1 22669	sacra
M 0 22650 1 22685	hobbit-hunter
M 0 22650 1 22664
Y 0 75 2
M 0 22650 1 22681
M 0 22650 1 22656
Y 0 75 2
M 0 22651 1 22684	hobbit-trapper
Y 0 75 5
M 0 22651 1 22653
Y 0 75 5
M 0 22652 1 22682	elven-hunter
M 0 22652 1 22652
M 0 22653 1 22650	dirty trapper
Y 0 75 2
M 0 22653 1 22654
M 0 22653 1 22659
M 0 15106 1 22679	bunny
M 0 15106 1 22665
M 0 15106 1 22668
M 0 15106 1 22666
M 0 15106 1 22677
M 0 14105 1 22678	deer
M 0 14105 1 22653
M 0 14105 1 22669
M 0 950 1 22675	squirrel	
M 0 950 1 22653
M 0 950 1 22666
M 0 950 1 22668
M 0 22655 6 22668	orc
M 0 22655 6 22668
M 0 22655 6 22668
M 0 22655 6 22668
M 0 22655 6 22668
M 0 22655 6 22668
M 0 22656 1 22682	shaman
? 0 3 0 E
E 1 22661 5 14		brown cloak	
? 0 3 0 E
E 1 22662 12 5		elk skull	
? 0 3 0 E
E 1 22663 21 3		lapis necklace
? 0 3 0 E
E 1 22664 25 19		twisted staff
S

