#300
TB Sheldon Auditorium~
349 25 2 1
M 0 300 1 305 		Patron Male
M 0 300 1 314 		Patron Male
M 0 300 1 330 		Patron Male
M 0 301 1 334 		Patron Female
M 0 301 1 312 		Patron Female
M 0 301 1 309 		Patron Female
M 0 302 1 300 		Usher
M 0 302 1 302 		Usher
M 0 302 1 313 		Usher
M 0 303 1 323 		Stage Hand
M 0 303 1 321 		Stage Hand
M 0 303 1 327 		Stage Hand
M 0 304 1 317 		Actor
M 0 304 1 324 		Actor
M 0 305 1 318 		Actress
M 0 305 1 315 		Actress
M 0 306 1 319 		Director

O 0 350 1 305       theater seats
O 0 350 2 305
O 0 350 3 305
O 0 350 4 305
O 0 350 5 305
O 0 350 6 305
O 0 350 7 305
O 0 350 8 305
O 0 350 9 305
O 0 350 10 305
O 0 350 11 305
O 0 350 12 305
O 0 350 13 307     theater seats
O 0 350 14 307
O 0 350 15 307
O 0 350 16 307
O 0 350 17 307
O 0 350 18 307
O 0 350 19 307
O 0 350 20 307
O 0 350 21 307
O 0 350 22 307
O 0 350 23 307
O 0 350 24 307
O 0 350 25 309     theater seats
O 0 350 26 309
O 0 350 27 309
O 0 350 28 309
O 0 350 29 309
O 0 350 30 309
O 0 350 31 309
O 0 350 32 309
O 0 350 33 309
O 0 350 34 309
O 0 350 35 309
O 0 350 36 309
O 0 350 37 310     theater seats
O 0 350 38 310
O 0 350 39 310
O 0 350 40 310
O 0 350 41 310
O 0 350 42 310
O 0 350 43 310
O 0 350 44 310
O 0 350 45 310
O 0 350 46 310
O 0 350 47 310
O 0 350 48 310
O 0 350 49 312     theater seats
O 0 350 50 312
O 0 350 51 312
O 0 350 52 312
O 0 350 53 312
O 0 350 54 312
O 0 350 55 312
O 0 350 56 312
O 0 350 57 312
O 0 350 58 312
O 0 350 59 312
O 0 350 60 312
O 0 350 61 314     theater seats
O 0 350 62 314
O 0 350 63 314
O 0 350 64 314
O 0 350 65 314
O 0 350 66 314
O 0 350 67 314
O 0 350 68 314
O 0 350 69 314
O 0 350 70 314
O 0 350 71 314
O 0 350 72 314
O 0 350 73 330     theater seats
O 0 350 74 330
O 0 350 75 330
O 0 350 76 330
O 0 350 77 330
O 0 350 78 330
O 0 350 79 330
O 0 350 80 330
O 0 350 81 330
O 0 350 82 330
O 0 350 83 330
O 0 350 84 330
O 0 350 85 332    theater seats
O 0 350 86 332
O 0 350 87 332
O 0 350 88 332
O 0 350 89 332
O 0 350 90 332
O 0 350 91 332
O 0 350 92 332
O 0 350 93 332
O 0 350 94 332
O 0 350 95 332
O 0 350 96 332
O 0 350 97 334     theater seats
O 0 350 98 334
O 0 350 99 334
O 0 350 100 334
O 0 350 101 334
O 0 350 102 334
O 0 350 103 334
O 0 350 104 334
O 0 350 105 334
O 0 350 106 334
O 0 350 107 334
O 0 350 108 334

S
