[ 1]         0    [14]    480020    [27]   5732602    [40]  34542290
[ 2]       360    [15]    613300    [28]   6716752    [41]  38830290
[ 3]      1880    [16]    770800    [29]   7858256    [42]  43516918
[ 4]      5480    [17]    960240    [30]   9150873    [43]  48628990
[ 5]     12520    [18]   1179880    [31]  10608873    [44]  54194480
[ 6]     24020    [19]   1432600    [32]  12247378    [45]  60327728
[ 7]     41300    [20]   1721400    [33]  14115154    [46]  66979853
[ 8]     65800    [21]   2057400    [34]  16199500    [47]  74182717
[ 9]    100360    [22]   2455623    [35]  18518436    [48]  81969442
[10]    145720    [23]   2924135    [36]  21090936    [49]  90485026
[11]    203720    [24]   3471650    [37]  23983608    [50] 100000000
[12]    276320    [25]   4121378    [38]  27174747    
[13]    368480    [26]   4871378    [39]  30686555    

